3206216488257073685515875844686865735325401817866336703505678065
5128525352222354702551655045167871301281775548656778853575752072
6740023653556735360570122733780766445460248058664607887466864481
4031755836318010836586440433812032286783146517604725417602272173
1306555767448351653354852753853730153076518324424603556110640305
5720644520674616541176714450054874400126071100730768158445771381
4072082786808100688551546735347520713130031778687207825736112367
1055752511831488557048727536323317073748622678151858001076201666
1212784633147073654802005812341146664537623336084363338518511775
6813500572237805877467286288788522252800041246245246876836416480
6572213436186418343242734160264558222362723688312140317738032687
6063122474636017424601310176662401207686274130580545507413077541
4148227481831327123665038083648300561482876008578233022268172140
2410633176404257117530147347238205013234636154075812220874312485
3662727066052578563035433501401180748374574765060804514073851878
0352343284526410161736177338546608148118115144234240122022641525
8202801103063565454641208006418150231636487567645777136230687133
3446761284254551155263370327680041670585650617311030105268683587
5046633057377800082874240602264071746470041863552011020143886453
5874886211864508136030348221655202552002277327237486817334642844
6300833350140431351363684527746333586663653883320462642335402115
8037885760336283224250202665151826518776227184264172173345757417
4053473732566563728006112687002145125573835686713412510553383778
7345534004312502557420676401700388888568332258087634342570708128
1327671133160105132332838827045105802215101421087507108462873105
6886413404748884554727242240138333432810173201224603432744724112
0010108418647285117611857338674682448835578070002748744261128328
4445874581325408312463736610128647506578735001168852138071133430
2540387225576126756144137725523058266733411680748726363417210456
5620586885552611714714061156630844366122435680240422146875173503
0460007751675075217068554614028826347136124027003704860535611456
7462504222157478060565518582163333215001117310576880487226872088
8244047780343168617071800782133723345104315564833220665432234313
6478261572143317353105338465433863257517036388460212600761518017
5784025763360836414631887382343112630275801435484132840213423753
7404123312611545724337108718177356121515627784858085582402584677
2058455844384028785835405020175765230780438088333278514176282163
2721506746054442325318575552256316171113467777043754537322007447
1445051266526661252215665447330762155015028440762778361734237307
5222682704511307166182844252331560110423255505864667174748765856
8487113144134874024401003168848252671343778036610154308818252262
3426203283304524380161885044632508882356048372144342548355237627
7301134305125331801835442353773707774064750183352268458350803281
5648718782460127386764140822673055128642046114466206111481067178
2223357210127427053657312536120831015001555250642523606205634551
3853253323407601723336038882546078781531566752874101232506680640
3585103461406440850440782833580680051777342253742678144378580603
1047228332145700162675863718462152201750857165081006828401686060
2078836840181132367112650234647148116403063885723173452721336013
4220356377304310114460253840231858887446482542220017208555465220
1634018244524044448678463467212401273305001627350368185128830645
6542272021341625122761384022467112521044868062206362405186263650
6834367653607231112658853751044355043785857084726034350625150270
7436248706587824386843707348073515053571673615575426337432577556
4186466503406477823054714685102171603722352653025122332181814478
0872345384762733414270561060403463865738213377435614502323133244
5780867627427238036520572461226778386067032541061430280256313711
0122257580313386656620168240485624582233558252851588760026646452
6261353517636618017767815204232818635527705682110528882043533230
2202188601236661446308160615766061256702752863726786684700362871
0110227772736427210017107452753678838887572440356215827062362735
7605127823783777628555064633256221402886504062018435238001721245
5702010681277247201777871334647300786278871426352237115178354854
3334362183577065737744682536825676012627230607308201127476871533
5005837065087586877425351082377016678226031073547266008567356104
4525051204368387543251274856077425067212562337602316811231285655
0486276120542476580236713464151567314303028228538677623664856065
1578076335170633537118848465512841448381727847623162223115585423
1162712146868266060612122421522231757885174077544781054830251124
2086458273530131282621457014716383732175271062248465170422452540
1584728834277507036508205151077087262082740176835076488708432230
2075310456838864576354726000851722210158122162663061637482885564
0010237005463521181381768607165588780267521465732214304807808607
4533337347767675147453043112565845433737401413403520887588246340
0067871721347716864764732736885622164074258046357261750423545662
0745701042331837683025024038268705314816310668186156571105568304
0645805215588808047162107558735364858532863640481624122861837254
5817871870168358718262160678871764403808825543148666468657344164
7406552644164280520718062400160654661007043153332138542821714741
8180582364284640236406178834621558103578524687862451164653448150
6461435067287734848713175100521825523413356501048082827366637552
5141217541720482628810788464452065344658333042450411180041145058
6670714400318756548124132034500446864401671861215004815117122275
6041831113076867453626565170746723673660363830705755860760858444
5556536470625656105613847484835616176270270800061713371355318003
1148504147780423363034657158847118330681040260482271534850831342
1108402615320047348508008872046734011152681232834418746024412844
3341346848132050015862087011680225803007163383682654848561345426
8858886067571408346746284000670676768762624505520500134722886046
2831671636768608708721680280266181851372646540470275681638628320
0822400078438118147154731562130204831053313315808586684410710470
2730241136304113321707646063270087616417335486160867161130123125
7171363106374038807313361572116331778346551677072682281221414052
2785340074376000857532316053123183038078247424822770736727068567
2007102734120880402344657182806181821267845844183437657076810376
2882534386254558165200418372366447534141548522533132722276876301
8006352225102382571630272787232212588874120677810637636044580872
7402676205405516882882626257551736630774360733111117784761780857
1607302380312077528711308682070435037751370817118626361786624672
2841087110366340584436314213133623836366624471615068710522022668
