3206216488257073685515875844686865735325401817866336703505678065512852535222235470255165504516787130128177554865677885357575207267400236535567353605701227337807664454602480586646078874668644814031755836318010836586440433812032286783146517604725417602272173
1306555767448351653354852753853730153076518324424603556110640305572064452067461654117671445005487440012607110073076815844577138140720827868081006885515467353475207131300317786872078257361123671055752511831488557048727536323317073748622678151858001076201666
1212784633147073654802005812341146664537623336084363338518511775681350057223780587746728628878852225280004124624524687683641648065722134361864183432427341602645582223627236883121403177380326876063122474636017424601310176662401207686274130580545507413077541
4148227481831327123665038083648300561482876008578233022268172140241063317640425711753014734723820501323463615407581222087431248536627270660525785630354335014011807483745747650608045140738518780352343284526410161736177338546608148118115144234240122022641525
8202801103063565454641208006418150231636487567645777136230687133344676128425455115526337032768004167058565061731103010526868358750466330573778000828742406022640717464700418635520110201438864535874886211864508136030348221655202552002277327237486817334642844
6300833350140431351363684527746333586663653883320462642335402115803788576033628322425020266515182651877622718426417217334575741740534737325665637280061126870021451255738356867134125105533837787345534004312502557420676401700388888568332258087634342570708128
1327671133160105132332838827045105802215101421087507108462873105688641340474888455472724224013833343281017320122460343274472411200101084186472851176118573386746824488355780700027487442611283284445874581325408312463736610128647506578735001168852138071133430
2540387225576126756144137725523058266733411680748726363417210456562058688555261171471406115663084436612243568024042214687517350304600077516750752170685546140288263471361240270037048605356114567462504222157478060565518582163333215001117310576880487226872088
8244047780343168617071800782133723345104315564833220665432234313647826157214331735310533846543386325751703638846021260076151801757840257633608364146318873823431126302758014354841328402134237537404123312611545724337108718177356121515627784858085582402584677
2058455844384028785835405020175765230780438088333278514176282163272150674605444232531857555225631617111346777704375453732200744714450512665266612522156654473307621550150284407627783617342373075222682704511307166182844252331560110423255505864667174748765856
8487113144134874024401003168848252671343778036610154308818252262342620328330452438016188504463250888235604837214434254835523762773011343051253318018354423537737077740647501833522684583508032815648718782460127386764140822673055128642046114466206111481067178
2223357210127427053657312536120831015001555250642523606205634551385325332340760172333603888254607878153156675287410123250668064035851034614064408504407828335806800517773422537426781443785806031047228332145700162675863718462152201750857165081006828401686060
2078836840181132367112650234647148116403063885723173452721336013422035637730431011446025384023185888744648254222001720855546522016340182445240444486784634672124012733050016273503681851288306456542272021341625122761384022467112521044868062206362405186263650
6834367653607231112658853751044355043785857084726034350625150270743624870658782438684370734807351505357167361557542633743257755641864665034064778230547146851021716037223526530251223321818144780872345384762733414270561060403463865738213377435614502323133244
5780867627427238036520572461226778386067032541061430280256313711012225758031338665662016824048562458223355825285158876002664645262613535176366180177678152042328186355277056821105288820435332302202188601236661446308160615766061256702752863726786684700362871
0110227772736427210017107452753678838887572440356215827062362735760512782378377762855506463325622140288650406201843523800172124557020106812772472017778713346473007862788714263522371151783548543334362183577065737744682536825676012627230607308201127476871533
5005837065087586877425351082377016678226031073547266008567356104452505120436838754325127485607742506721256233760231681123128565504862761205424765802367134641515673143030282285386776236648560651578076335170633537118848465512841448381727847623162223115585423
1162712146868266060612122421522231757885174077544781054830251124208645827353013128262145701471638373217527106224846517042245254015847288342775070365082051510770872620827401768350764887084322302075310456838864576354726000851722210158122162663061637482885564
0010237005463521181381768607165588780267521465732214304807808607453333734776767514745304311256584543373740141340352088758824634000678717213477168647647327368856221640742580463572617504235456620745701042331837683025024038268705314816310668186156571105568304
0645805215588808047162107558735364858532863640481624122861837254581787187016835871826216067887176440380882554314866646865734416474065526441642805207180624001606546610070431533321385428217147418180582364284640236406178834621558103578524687862451164653448150
6461435067287734848713175100521825523413356501048082827366637552514121754172048262881078846445206534465833304245041118004114505866707144003187565481241320345004468644016718612150048151171222756041831113076867453626565170746723673660363830705755860760858444
5556536470625656105613847484835616176270270800061713371355318003114850414778042336303465715884711833068104026048227153485083134211084026153200473485080088720467340111526812328344187460244128443341346848132050015862087011680225803007163383682654848561345426
8858886067571408346746284000670676768762624505520500134722886046283167163676860870872168028026618185137264654047027568163862832008224000784381181471547315621302048310533133158085866844107104702730241136304113321707646063270087616417335486160867161130123125
7171363106374038807313361572116331778346551677072682281221414052278534007437600085753231605312318303807824742482277073672706856720071027341208804023446571828061818212678458441834376570768103762882534386254558165200418372366447534141548522533132722276876301
8006352225102382571630272787232212588874120677810637636044580872740267620540551688288262625755173663077436073311111778476178085716073023803120775287113086820704350377513708171186263617866246722841087110366340584436314213133623836366624471615068710522022668
3110888405660756767288244327582815640017060043887238528024636671161068722160205517362572716225335477735564533580185308816837013108875220860654288004568364403360437150654248256870011134201518841330113010071352067541240053332207007875726518848130644057340305
3747056278551044421183265383768031217604166422320835728128224084815406516286548470255830217388355851582438101645443550546108178386338623814663446320520367607252104246222113561200865606754874075665003086378783717656045470714123167012522712717241063325216501
1427065527086018328600381003181168567772280572372610813851634708441144818044708083526077812062442370222020133128248733713074382018550702430632437246265835568675117656447232783614225825834405301601066035460547111676785773251722414534688356381478853508623625
5505734781314521050348366844406203708727863046378343458157472570176738621737833750161362432222322650505132288437273586276258041465814725281041507202654052027643080105336535050063178225437147812572543483065758674738672412181115608332778626840358512223326371
0851385701008220855353772633674467166463770662713737554764838265156344018724214566447173437863820032124345714438528324213641565281118007143006075430771212803214867121736880157518188850336788404662316582656075872386107403166011723573826004438214531657881807
4535125153518180486723558724737163322078270110137051272837635041255480880351261351768824662077184515757283458103062257278336778508547482036833427205010146454841173083025115236780807237563421716263636302821321821523200380168125263822154435006787562757143575
8676814453028576836668712050717880384760210338144675331201001284608204010327886013763728202551817155370800175384328518071863004583414807720458144484337574381017561660182203203202320577643640278824237668843554184218006702712130453283200733331535665340460178
2744782104208871883731172657510655385752884011883068517404670054570080822202014175508101350468637077724836715387843727202830371788202532254712650050088578018478412577140612458005580804878030502801025172225168735507681203803471578017031368814162080137188042
5574553012073636446868462684474542785874044703646855314285813564311841585565678402534525750420374452405832642752537872324342778645461741428424474703430152818055547120674146072460470183810238554851158048626115022535050134210028671141102440115284866071376237
0154578761638714654068388530748476712670862315510764448673158722428243311171888212406758068317681603077635362084731627256344041235572042383001734452307225188773625531022270262574685210711008043652644508664322188762252526453621405120335583054384120712475783
3706284038057606750587887425172617018076220870218068302153505347122770627578854443132572478211732012653173504785404412142642014566050577676326054300084541867638274475186483106442007217778131700722202781702451360855175843132655480701864652858477706277344481
0167557205253251422254416767315221786605177273301567832685401020683083270168185245101837530286656424324217353057766247410178431668883637167772011175720402042308704478604452125713548055317877444774154263665487433130361610847287107685214168731575351552780887
5774172443312457808311708657804360518762513121433302412072587002140423404480216426734881272332188737854248362427333203525413205287024047582436027008705635605375800361850236316066787122503305525652312238660700627355818371747286006430018225313883185546853345
5647365804352226816121351236762524528168226431077134237175371872161264250860211752613846423131467162525458304473360021362476663746601186656583348554421256747671178623718362004724451670660804252228432117342442155574412218204107652202814617051318730427454320
6780073801228147602517773743232285237631736023184456143856871051775865224203055841601427403366133658171075351850352001662650338248513182862362283037075767505522857601358653148807310177370040785463003845757120208505456820241418244074116673720076771242801758
6867531332564631744563178375828041208403354002517326317676231807001853186413127174765048637001477077565818722637625184540086625113021383315073646573577121170026157865155071704066467006886482215270382060255478527170110801472420286346238331788336240487273756
8327052431346684800136703255254568071773434065042740143031763166500553887303157426151306073075764237177330104433300221682448582227533348067781180737825314327382346628228147113104528350306612808683156484706044312077656612723448022220317214471752043875402067
1384200605515118747767860167763124440327825762567012127342865461554813625680068528653682250340404312564100612383147881758002382837227171556332474231633046570317721232524261668673271267587655343068124206132584625354844023353374385802601413114330062837874638
6176314126440335112221881841766328576086733823263455016371664505406782148358705371344701337382768807045530623644676848674680167684511801344335236666778272033566738560574323873338754633735128052531388140323407822222756347836863640003823374772651850687464416
7754512108287665413460365460548557873326185041442267545235487257211544108352430740550350166241015326527314487838526166641302212120813834282048854585843736786815803661122518640821631857204146750560484282050668136413230635106705563706713374424288688546136173
2564227072286708200844388338260444835843111444357383278508006565052708610685714416462324774770363700137378666588627371563514632246585524670440220800146121437541756808727785236641673877584335481052355846786701316763244865200017211468058568824414720712787758
4414161638040372802516447170814752738280124538815017181331885158427470524211261254433185244550360526433806114314673140546101624305548346430638127884511350416845054434063427831142178387834027447046076753444646102371684167567106483885160171273228345110117607
2641507352326672116447835376618710058780501635304725381434026362641111388205733734405045086437460217446134631404444730487571718338356417783566370447857051338635400601501150113581572287267641676017887246118385324074311452854472301066203186140533725428382275
0780863444325548887246352832320825121880438470228271714386361437241424883012203245188204630137156358065558078535058711438270257033548442548242441830782150328648007368222300381520782252744461183831266426382714441302861554422655726326403568707400442852627185
3775537183501204215730272053833268065521823703276172446505611884357130638122334436523044854483873783050006374577751343274242217168885712877068747410026800215640708684134183646185054324200702770403357401004260677623241541350784258100705561776615126641485735
2146383664058164768570204844115202358138043802064802858732223380226040136127081857216112370775151443223304508747608081433075762440230561300213381263445188256428734502636437756473871180750267657500054275713080818278036137505432722125138430714028604325363348
5632138556770271467211177236648224058783145174281013153208450307168134042227856628356758584661033456856372585863854143185545382337155655077371752485726547260355002208571022164534031684365550728202567776616052742025715372364532064288677177280004883606066313
0753837108144775158835243712666321508824864655842338314331442257203235331415082668285747378157488132470606054522525606648030867273253044270830017138851048603416524721862240031266211270435514644072210024310450050333105745134811034042270566386081554235373644
2741173538834314121645237371658528261025888475466383704433675253886766566266482337383435615470185074755242736572530270366601680576777821231412844353615430306423758125048320335767176083217756085283257687713134112631558267537001127455176427553411224434660034
4142768741533033536282577413160127647604046007278507776881283281184565352266168272155454264507783127821870843405775328245462836772017027427504055673444801314757856755686326888478371823681456282224024217271252153018246040640274742276683417377746055414606041
1510065002045582673368478524382008831506216527386004176505084783662451336543772388051085860161517416624327885452545752561588060237365666332162030542158171843217406411556173180440583666171648847622084718087006736253003284054152183172752663075443755025001722
6311070634558745677875082370244152200237334051554321212231268646680813035578016176120554824510618412671021437673642858432750547632362078600634716212703861680655702175744713283311750014664546206330008628124801607122403047722706072135243674318782684270561012
8852531300030680274625666432868240852123870375718173305355318235433704540501401881802047105131820731710661034867785381428810761853421306563842002078067647527302527567402723866585708545386636378104423737312018324737313363562311770010723220234652320570640815
7802377116686020632072685211761754333772553481777348312746767583668041261481778244053316076300562304646065424656483416117815182481127654752378603542316337737237128471716236023701011722756675216144411835256087327861553174583038818013211146332238211124474577
1277750262706172550634513071040013750518436572305572802423655242537668870316305344823218862321080704872151676761213441822421870875456544752752755312075477784552413052504781552487726562166521831186320420776412784135236843833608532080505714861007106717668153
0700756085514113502830642542844883815371600254468238763417657060814653508560241187508050386725046146813555775878204444463285375060832255030710441866485687314650261122787036822368664665281218678214817615562374161732848183648274273504568585686271735608406006
8712145226554107525368016766767837120408056034862823226602507013225136421455554313523178338355715782280225418066141700243864537487468883121826024644768713211740462462542225370001153088387611010644887752145618472117506483442445366430816672872646560805457132
7016268404370765067066652556542058175867406857616552016570653100410834666873303714854148070553101614240161513237116184310646477337476643485110411521881136812172607551255123614868075045003410257264316870583021740826166523711872115568130680407603463887254628
1256835417046313751068184250357273738632154818688782355044858815116013650582528054323404006523207058540610447053017660274348334447550266876862722173018450465640273637266132007577401121381308043378145546340026515240767588470527748662175233271012526665406085
5120544653238775055627820701464226666410003758264677627285656711403322144852345348335878806276618726547835315850277687531213351716040822758002226340201882362773758822246446660252708867733086641165130776073447543465373661636765727355738051768560636345226877
5058528375758657627258476510476646015400201222475228776636881060113527067336726487775341364423423816087862043545077134715784704363844416021855405501505374365407245186837022811554682636505371808358678268458871075487645858552665868174033265244568010556000533
6273756747581130474667456048230306050471860153241660286351818432638617033244064186870404111647871643885083076400057071011374778215248734610034847522745571412212686448258364161621502063684126082575415886370563866728026588267315414145407554654361633717616635
6725663664153572817844628675136883785350537605038552118538203054558210130031353620524587816277774725612703040110140505478581730116226467860441521841431604057555610710875337081640622077641466237047735762165230687427232016848052158705250243873468867555453040
3730265130780087803665658632088675527623330657728504268430854112687417087111340547172045258503480878778055413607081774011683474278851271114146215331680813823445503421546863456052851821008051773036581332365372587365344410420813324052374600217544744188757432
8531086071768406825418414428034218815511685078625886142544068071050778178705616811624805341486181632360703640001168531566847878372347607824503473177635036452861402126482867133815015656171112214016156142763340143770030800412112655248006183348254582017580734
6784557674313522282307302583332388522688611473115742770771700248848715026006450187188453311483364137740572877851488528885457683742717071473483256324571486664872723850680425206337211145745610352884475368475212046080045113276546008706537180433867646505528478
2257824746454778824387731627016726445225570288335684223230681561058331220170446601134823768641077227783245251828401451376157323464464687888377271006461247084570782701255118753573437072454786755105041066773537824063138408358440565371632522271740225021505428
5576062383048844425023233365316617773766367441031071228561313681318207543685611025620461738085042015436283835877515430462382608845380442238740386125206825425272584030512550452168483450728052816222305130765681221465066783071142644024743822155311545832018242
0285841363315811882055853205178307138662771455002133456440007841735451056857862730315622470525334405826322217521861703204342566541477374386307301868637512658153842788715842030256865240143875854140803815331477255622343271553540282220613356565310273542552328
2302410515258425462757102635883722645014475205220343056603181841278270548736875655472131276811635821176120878311065766322282055653044660456087101010810176532120866732718600457845184424376167404017754350802167823027661506221660444756818584574355877656865347
7232040741056830770120863463567847141336768471128330230237483230353465104363855068537446677171558354853218354385840112521467433778106361350672603643437012883610665008865584570452135517815868742527315038248201185741176322846551822233832047172016580747224560
5663015068032338152152258848677311800647130872443544305845321388467258421146337653842003531425514201882548242733487413278573336445711450116313088063246726741845068860248157032786423705775083114505573007625557620674800223215520163643767101306044536838775123
4357263625186556130235136475520551607245364714700647030435553121653471801406423028741604684740084213446074825437306106183221023537026655223785325306173770337685037548667616856707373778003165143613420436027145188124320452225051268834660360648170307712546023
3051376382522402257202654685868708627417767728356130734253025244613314778771118665583635118118402865670882553480734671673887884145422102284251668688665485053426132631446463744362150830051177231114771283221400578026756513842330653436333634211701043607434227
1028141554538042800417518526026875317270271451827243411018021040717241377745887133771840007610405381256276268184420137403101680805736186115584235881103012033712562826817036025362410473653013641358184058851630500054456267011721255305741551432005402278071668
7500431361331342873852824775218848548057507632364778045084074058713164014354772525263425531607441346812658122480032843034403118821125674565227324157866865824160041227761142506653330528026052478224740620182721765652222627410470225672634128336676242418118321
1242702060484353375484382412313642614376313842150764007683378322178761556366310116846712612487118055325800435213235635822571112003848273344328081031445243302484286634612702650574075031847420773153722773071827481202388305076387124356017512236151770671667864
7245668476610018526877243450710544802263507118614523043512624801552150273645236156764224178668532283824051186716770602765746787760520478701110067086444073006366521635418774536645074703316634444301402350313107081500743316377050826683643678781828020205057052
7404473507558573877488750753584007387003325373204312568882612677368037746031708681510303776307307818523771252263228861736034387760448552125114510338331307210804330547068678881240012353244806016181467881350442616465842147787757676885604721000655000221684472
4350778584014578535551113001208822172743280413723772542635054114214318864312225474110656400133484632022728226381275815568876074272417266855103474471331422780277346347717051578667824730675063263184871383611020015504352856722466042451141465335386450788531033
5204528783101438356873833825713367450536355344432200658078731472832306237504153502445370368488066626243463154640143423651035045652647570446310842481374784564205337010037752741462408125320111761868825200347210412036786732351662436103241825422145742822064744
1642171000104683224864302404303643754057808542830227786364824616613106635157485845428581571368366265480548746652418524362461550660218780303155182385330420777543702631043021173357676865075054301118231172111755753505185517407157553354346767258664620856362000
3621542330835775712830366703581124245162864650110602822625833530812274055122026155556268027136632772370058556687425235872240152078314734845287686147155878221267817134574043284663576406572280351106873224352352375242114451803182780160638750833727042065485411
1470088213227027706873078820686017003723222648136415826883865848316657036441752703868215612027048761846670483448442176754018468171246225200680631481173362784053713706220141842002260622051835043044550337887273245850255185128576862668740712513674008722324267
5154465855560763821334072860471718014208868362836380327377582842746842081688735148870347518502765435626747083225682633471167465387683141441864150048128375558881518568530314677467471036274571473646671273123524182315601834614183563828726346481458744603414514
1656772161143735472345588753250274522432171707140475175241338815810557442154338635173111056443768435320314144871435871264668770758204774786315675174034001162410310411623475154361414055440513154742085546475186150286757217566047548557371084126558656684324801
8311814475551277047605024022367847565762851228153078587607237027152035715227001408131248820012038823132457360311607488677832514051431767563668076373621857585761876773757513137480710832482772727106102087448855167632548110105386335667767133243085540231718864
7803207542225400087600446188286203723460668704670327533715558701668675027602500286680434701586027633820411784850872201136845232285466375466402812587278306502055181401624463756348054684842858811520813643834643055125634831348545467482588267711816465806225384
7335425066860721676578012766405011172635873005673808121280076633658770063814208027752465881548285224688122840467105021201102123227504252241684124228410208857366330548120534743213440733561704428676766144063076544553441062812055555513277754062876033523137030
2341516054414775351334837401478855563626700478543652862141685306733178583077186743230503300830452051767788330807743534786072782055502515044120156206302215411831228100138504066680780756861867851772604123873830380006165014160881561702238015577166828307348446
0302031255255357686673753100101522177007286135468621120640635258147617843531632165386162213062657752632824402677247280750553755551346705481576864150721444084074154206820838723220021127580614656021774752648814607637445368554787236376377721855617075342287116
4280577108463802516346268451455360487873225782180104144252886176786770312614760156573807271517055716416254287371656837080207202411831032073621506632101308868856468058307580401356443823832034104337305310027557627531607661876670477561620628315202482715743766
2360352841225282076881103082823587168884037870123271622644571330151210462084833726715380125886118325802380705372176502746674226160283327463625355876474427445802830873548458532138680150824020185245324757252778163622873387257416357003660815171127358347705146
7055663346703843771405732121888861037578223781476650143572807143204082435104351140288268706334812515578085818060650811744182253407684352120408451614313444373364652122816171751708651727543605312524025851823434826665461500645703557181084747625666020511165032
5358750804123562382708503861048821217353013600582815606220135584240771764643831241677234500350552714020820804657132778216754137603246755233260667206311711215183557653135105887731721122438241078408037101537010412744832286383214157673306537468248188783438222
