3206216488257073
6855158758446868
6573532540181786
6336703505678065
5128525352222354
7025516550451678
7130128177554865
6778853575752072
6740023653556735
3605701227337807
6644546024805866
4607887466864481
4031755836318010
8365864404338120
3228678314651760
4725417602272173
1306555767448351
6533548527538537
3015307651832442
4603556110640305
5720644520674616
5411767144500548
7440012607110073
0768158445771381
4072082786808100
6885515467353475
2071313003177868
7207825736112367
1055752511831488
5570487275363233
1707374862267815
1858001076201666
1212784633147073
6548020058123411
4666453762333608
4363338518511775
6813500572237805
8774672862887885
2225280004124624
5246876836416480
6572213436186418
3432427341602645
5822236272368831
2140317738032687
6063122474636017
4246013101766624
0120768627413058
0545507413077541
4148227481831327
1236650380836483
0056148287600857
8233022268172140
2410633176404257
1175301473472382
0501323463615407
5812220874312485
3662727066052578
5630354335014011
8074837457476506
0804514073851878
0352343284526410
1617361773385466
0814811811514423
4240122022641525
8202801103063565
4546412080064181
5023163648756764
5777136230687133
3446761284254551
1552633703276800
4167058565061731
1030105268683587
5046633057377800
0828742406022640
7174647004186355
2011020143886453
5874886211864508
1360303482216552
0255200227732723
7486817334642844
6300833350140431
3513636845277463
3358666365388332
0462642335402115
8037885760336283
2242502026651518
2651877622718426
4172173345757417
4053473732566563
7280061126870021
4512557383568671
3412510553383778
7345534004312502
5574206764017003
8888856833225808
7634342570708128
1327671133160105
1323328388270451
0580221510142108
7507108462873105
